field
47965
50313
34078
44988
38855
46633
43063
45280
34515
45940
44316
46201
46152
37797
26140
52284
46841
53484
46310
43986
38660
31395
52982
42723
44538
53435
34077
27709
26521
53260
43458
48058
45400
43870
36495
53493
27852
38359
43461
46026
34651
50346
30181
44858
41917
28015
33856
26980
50999
45128
45392
41179
46574
44843
51436
31695
39385
53203
44244
52289
28093
35602
50831
34416
46419
47154
52838
26960
47661
53306
36097
44464
46437
45277
31869
39913
34855
45913
53545
44817
27633
47102
53578
45822
28775
53498
48883
34538
37536
26759
53628
40412
45759
46309
53579
42071
45894
43719
51672
53423
53257
44118
45912
52275
30250
41552
52639
30896
44078
46583
46860
43702
50916
27261
46916
46568
43726
52839
51053
49911
52836
47652
46094
43776
50979
45237
53265
52651
31859
52632
25820
50511
27260
47142
51012
46569
45938
34659
46209
43899
46337
31396
44656
51655
48795
48791
29095
51019
53115
50810
52293
40088
40350
45571
26643
30180
27469
50236
32155
44543
27853
39707
39315
48799
53183
41488
51011
45930
34040
45151
45235
33695
45859
52993
33278
53199
45238
52945
27809
45094
29215
37796
40269
34555
53204
51756
45025
40087
45053
52978
28475
45087
49617
44545
27081
52287
46282
44597
32377
51414
46584
53191
43389
45251
45586
52946
39323
28455
52973
46338
53564
52262
53474
44996
45528
28156
42997
47699
48879
45901
46712
49611
42960
52551
46411
30475
45490
52291
47879
53357
43977
51001
50978
44399
28375
48137
46187
49513
28915
48796
43706
45523
50973
53580
46585
41409
32076
34540
44850
45933
29736
47334
28073
46567
45011
44611
51433
50692
53626
46593
50918
51008
50712
49615
27347
51753
47694
38896
40368
29895
32916
51720
50808
44528
50515
46918
30677
51003
45291
28615
52975
45187
52814
52693
53309
46042
51032
46588
46049
45487
38176
60612
28096
45584
50983
50952
46436
29855
60609
44014
30879
46257
49120
28955
27306
36056
44463
52834
53355
53412
44986
34836
31855
43153
49511
45914
47339
45580
53356
45835
43044
45307
44336
29975
40358
53272
51534
51416
38278
46563
40933
42365
36874
45409
36076
44837
34935
34037
51023
53120
53555
53177
40447
50337
50714
26439
28235
45063
40855
53375
36373
52942
46901
45573
44759
53568
30016
46281
38818
47138
38843
31080
49116
46914
52295
27302
33836
44436
37555
39916
51568
46852
52653
34539
26621
45284
26609
47981
43703
40264
33335
45730
49935
50291
49651
45833
46590
46171
46043
43656
46562
53193
45937
46850
41236
32615
45597
52640
53113
50053
48053
29655
27532
32380
40148
50792
31456
49798
52819
34639
45747
53109
43778
38475
46587
38675
44629
46514
43282
50980
52276
44878
37379
43403
51774
38856
50977
40074
53151
45310
35036
31036
51435
31860
34955
50806
47674
34075
38838
42388
50797
38819
31865
51412
28395
46582
53372
53262
44780
46844
40107
32635
50974
52283
46378
53181
27375
51716
50091
44944
44536
53497
51071
53237
43451
45569
38425
46450
28636
26902
45942
53148
43901
45167
53231
50991
31875
45267
44001
40652
49751
27410
44606
53178
32035
46444
43732
53491
47647
53180
27489
35255
31038
45856
53254
45596
53374
52941
51532
45058
51009
50321
42919
29858
43473
36138
36676
34755
43043
34656
53340
53360
53489
50972
38677
44404
46438
52282
43832
32379
50132
38915
45579
47980
29535
46178
65312
46581
53225
52652
46612
46853
50919
53149
34082
52538
38375
43721
38816
44231
47132
45222
48014
44579
45755
52813
47048
52833
38335
53103
46253
44140
46336
52696
50353
45403
50976
40554
48630
46919
45798
46418
44757
46443
32579
53552
48727
47075
46199
43794
43449
46180
51444
28193
45396
30681
45390
26620
26679
37459
53488
38655
47649
53256
53119
27690
49592
33024
51731
45748
52273
29161
36795
50099
37876
45329
53179
29275
44887
52278
43321
45062
42303
46448
49616
45527
43658
34518
46750
53234
29916
45252
43462
34978
53152
43709
45415
46846
29915
43869
45091
31975
50809
27729
44661
43921
45397
53352
41750
44993
38420
28155
29861
53567
45393
41729
38844
35176
46591
60620
38647
36576
42714
53499
48012
29618
35796
52697
32055
44977
47894
26660
42882
45102
46839
46172
51020
46263
52536
53118
42880
34696
47983
39295
50097
45065
51018
31864
53235
43984
42250
39326
45588
52698
50791
39405
43900
31995
47926
34516
35680
31861
52979
49612
50347
28133
51654
49619
43042
51445
45312
27569
52240
27060
39156
53581
50233
46446
41053
45399
52812
49156
34080
30979
53194
34858
53543
43003
50994
45529
31475
51751
53255
50342
29796
32638
49933
48652
44775
43023
50239
44340
60613
46748
26780
46710
40370
30044
38378
32196
40843
39527
46855
40325
37019
42983
28377
38255
43393
45210
47047
43998
27935
26622
44233
52471
43628
35495
47012
47011
30656
35675
30655
51597
51776
53196
38842
38936
52990
34739
43809
53222
28437
43808
49237
38377
31676
45052
28575
37020
47110
40089
50332
53472
46373
44966
52671
46308
44995
45729
33855
53261
30045
44553
40732
52818
26619
44003
49053
50802
53553
47872
51052
32376
44402
46038
52342
28114
49124
51752
51777
46170
35657
53343
48804
51653
53377
48881
51024
34838
32137
35798
50805
40214
52290
33035
52793
46256
53471
45931
31871
36284
44926
30556
26139
44458
39933
45929
51775
43474
53307
52695
50318
38644
52947
27180
45733
44885
51674
27162
39887
34096
51517
34844
45414
46095
41578
53601
44082
52873
51393
46432
53550
50095
46859
30375
53577
50334
46735
35195
38841
42387
50996
43657
51005
31081
35055
47333
49593
47665
39321
46973
34498
52672
43668
34776
47155
45211
25999
49122
33378
52654
41274
31979
34083
29619
51439
36842
42287
44079
45054
45064
43978
52277
51026
39709
51391
52286
27813
46024
38279
39930
33835
45100
49123
46572
42838
45168
42001
52637
46092
46863
47080
46862
49157
34575
45272
44975
52874
39507
52937
32036
32375
48797
50245
46746
47013
46592
35587
38995
47297
38658
48653
31377
35035
43392
53267
53469
42921
45756
41569
42449
45890
28355
31416
52936
51013
50352
38423
45600
47074
53266
51419
45934
41789
47158
45057
39320
52876
44504
47998
53339
45582
41832
53546
45598
44820
45752
43404
53419
48657
44816
51533
52675
51000
47936
29195
38417
45410
26959
53551
52281
52694
49494
53192
44705
45599
28117
51676
29936
44609
43524
46513
49876
50800
41916
50251
33223
43906
35477
53495
51537
43455
52553
39318
30037
50348
50331
53370
44339
37375
47082
43264
37435
46754
52967
32378
51449
52533
47876
45936
43268
28173
47296
52843
46747
45732
45564
46781
45270
49119
50317
52279
51006
34650
49121
52531
29620
44983
45830
47354
43725
47018
50349
43266
44755
50246
43472
52676
31278
32641
44198
52832
38376
52989
29955
51394
32156
34495
51991
46415
50453
52674
38657
48876
38840
39727
45417
52554
38959
34038
43729
45049
53110
27834
53571
45286
43463
53494
44880
52943
28053
52231
45932
36346
28795
45311
45061
44539
44188
53324
49117
49473
43994
48803
53486
40127
45047
45127
46564
35555
27952
46865
49618
44845
38645
49931
42565
41177
53263
53466
46702
53428
46200
45754
45098
43294
40213
52271
44531
44855
26610
43503
39255
50292
27531
44793
43091
52988
53116
44549
52811
44853
44405
47659
35182
34496
60783
43722
40328
31675
39115
41374
45587
43992
44577
51033
44081
25819
49880
46565
47016
53264
28735
44804
35588
31316
35057
31076
53426
46259
46756
46451
38646
46431
51438
34502
52264
50713
34296
45466
26099
29977
51442
51448
53358
26179
45570
45618
46969
53182
34095
26723
32195
27811
46339
46857
41751
50240
46708
52939
41689
31079
52537
31128
53195
49594
53485
45060
33918
49691
50238
30035
52673
53562
47979
27812
37182
46499
46445
28381
53224
28379
45413
50975
50981
42999
47014
42368
32478
47159
50322
35556
53308
45794
45271
45525
46864
43480
39235
45594
43262
40271
36035
43911
41749
46873
51440
43256
46575
44796
46589
26120
34898
32642
34501
60631
49795
52633
30040
31867
44510
47966
37378
45045
53496
51446
45412
26779
45218
38636
53164
51671
53380
34775
45188
52983
43704
28376
27356
40149
52981
46566
46980
51010
47422
45213
29976
49451
40250
29918
47651
43724
35056
45036
51031
50812
36055
53325
44652
32655
45212
53114
53470
49472
46972
60649
38820
31455
32676
46412
50320
44838
53184
39687
45232
46417
48055
49475
51025
53373
39993
26999
36217
43454
52938
46871
45274
44437
44751
45585
28335
44794
44969
43775
44968
46571
45096
50341
48800
53563
53258
29995
47019
49932
52991
43361
50993
50315
43910
45279
53565
43908
45866
53462
31858
52835
30179
29159
39316
46847
45408
44967
38837
37180
40572
45576
43731
27059
46439
46497
45652
35943
34646
40369
48731
42606
43027
45273
46311
46449
51771
53106
42427
44403
52631
52692
49673
53198
45059
46856
45831
51054
53433
47888
43062
44512
53501
35175
34076
46354
51413
51002
28033
60629
48912
53342
45250
45247
34535
45746
40573
50252
47156
47017
46823
47650
31077
36075
45228
45654
38579
45522
38639
38316
51675
34897
27932
53467
40150
45090
45233
53465
53554
45819
42251
46752
53482
27409
45391
51535
31275
49118
47025
41898
51021
45290
31715
46573
52935
40823
26119
38835
49671
46435
26642
52596
47024
60616
34536
46416
38676
52837
52977
45288
43021
38846
40171
40793
51656
49814
53381
34497
29255
53326
53519
45749
53236
51432
53438
51015
45820
45331
51027
31635
45153
40047
48654
48013
38578
43253
33275
34340
46307
26559
46048
46073
40620
45653
30335
53376
34956
48656
39317
31435
44530
49476
45070
52532
43089
46264
53379
52280
32355
28935
53202
50998
44942
26480
43070
29216
46872
31863
46280
45407
52815
28094
53270
53576
49125
45902
38635
34415
41834
53378
44881
45268
43705
33218
30555
50803
52940
49878
26720
45731
53233
41960
47901
50804
39487
41850
30417
26421
45526
50984
39319
36777
31868
52972
46173
45928
45285
29218
53625
36917
50807
46586
43171
60632
51596
38643
41482
50314
42758
51443
45751
51420
47992
49115
53418
43095
43446
34841
34840
39015
46751
50131
35275
50354
28016
53117
43989
40839
44377
53436
46753
60625
46279
29555
45865
52341
42718
46861
45333
45332
46258
53427
53197
45750
43909
53437
44700
45050
45829
52987
45651
52980
51755
34936
48429
46093
46512
52971
37235
33435
34915
49479
53629
44612
52340
50333
46630
31595
44660
52552
37577
48662
46261
43390
33480
30316
47698
50513
44888
53105
46845
51418
28815
29735
53574
51536
38055
46188
46306
49478
46181
47697
43814
45524
31857
53434
38815
45757
50753
34339
41155
49233
41829
46434
45292
38875
47133
53166
53477
53341
49614
53566
38379
45821
53111
37815
38426
45589
52816
52831
50412
32284
31255
53269
48660
29678
49158
40169
30036
45800
31129
49797
52992
44649
30535
44647
53332
53561
45048
45891
52976
43988
31866
53271
45939
40147
53557
53547
53487
51531
34500
53559
45088
51004
53165
53468
48772
51022
50693
45799
28617
46704
45269
43774
53572
44753
50838
46498
53473
53556
35016
31197
43629
26860
32675
28256
53150
50339
46356
46576
41670
44238
46153
30595
49154
40267
42386
37357
29495
44813
41900
26121
27490
44141
43452
46842
45072
35515
45055
44879
44762
51567
44592
53327
53463
45572
47648
44533
44670
52634
51434
52958
52638
52635
38659
27668
46705
49152
46202
38495
31276
37535
48878
47298
52934
43727
53223
50324
38839
45217
45282
40067
46858
34503
30041
45602
53333
42760
52274
40270
37376
40357
45089
29175
46977
50995
47081
38845
48729
48762
49892
38280
35682
50992
43633
34537
30640
46755
53361
31415
49493
52539
45051
45899
52292
49882
37578
52984
49113
34257
36868
50253
45941
46703
46255
45753
53331
45169
47675
50344
46780
46179
38638
35256
39711
51055
46840
36215
30039
44248
44795
50985
49591
49796
51441
53323
52265
39322
49792
44924
52288
53200
47015
43752
44484
42323
35683
52263
47134
29677
34842
52285
31335
37377
50234
33315
34435
52948
44749
32018
34856
49194
27671
46570
50093
33077
46734
45857
40069
42757
26259
41411
46305
30636
42738
43459
45900
25799
42980
38419
52779
29860
39992
52840
26719
29859
34079
26562
27953
51417
26560
49454
31078
42289
46854
45867
48438
27449
43450
33219
30658
43471
45553
27689
39275
35679
38641
46368
44541
45056
45401
41377
60645
46594
45215
40621
45071
51016
48658
38421
38358
34016
46496
50343
36216
44903
45619
51007
33221
50801
46045
38075
52974
46900
52636
45927
53359
48793
48801
47353
51437
37183
36657
53232
44645
48661
50248
51754
49155
46414
47023
31856
38656
53201
53500
44734
38416
47109
47351
52691
46260
44811
40316
52970
47108
45734
31379
53431
50794
46154
52872
50771
31277
50335
52241
49672
50516
46340
49620
46413
53108
45554
50799
31315
44576
53259
49934
38577
52817
53268
51673
53112
26861
53107
27140
28115
27730
30680
27933
44380
30895
28236
27389
31375
60879
30915
34081
36116
33715
25839
49474
53403
